(kicad_pcb (version 20171130) (host pcbnew "(5.1.9)-1")

  (general
    (thickness 1.6)
    (drawings 8)
    (tracks 0)
    (zones 0)
    (modules 18)
    (nets 26)
  )

  (page A4)
  (layers
    (0 F.Cu signal)
    (31 B.Cu signal)
    (32 B.Adhes user)
    (33 F.Adhes user)
    (34 B.Paste user)
    (35 F.Paste user)
    (36 B.SilkS user)
    (37 F.SilkS user)
    (38 B.Mask user)
    (39 F.Mask user)
    (40 Dwgs.User user)
    (41 Cmts.User user)
    (42 Eco1.User user)
    (43 Eco2.User user)
    (44 Edge.Cuts user)
    (45 Margin user)
    (46 B.CrtYd user)
    (47 F.CrtYd user)
    (48 B.Fab user)
    (49 F.Fab user)
  )

  (setup
    (last_trace_width 0.25)
    (trace_clearance 0.2)
    (zone_clearance 0.508)
    (zone_45_only no)
    (trace_min 0.2)
    (via_size 0.8)
    (via_drill 0.4)
    (via_min_size 0.4)
    (via_min_drill 0.3)
    (uvia_size 0.3)
    (uvia_drill 0.1)
    (uvias_allowed no)
    (uvia_min_size 0.2)
    (uvia_min_drill 0.1)
    (edge_width 0.05)
    (segment_width 0.2)
    (pcb_text_width 0.3)
    (pcb_text_size 1.5 1.5)
    (mod_edge_width 0.12)
    (mod_text_size 1 1)
    (mod_text_width 0.15)
    (pad_size 1.524 1.524)
    (pad_drill 0.762)
    (pad_to_mask_clearance 0)
    (aux_axis_origin 0 0)
    (grid_origin 220.345 69.215)
    (visible_elements 7FFFFFFF)
    (pcbplotparams
      (layerselection 0x010fc_ffffffff)
      (usegerberextensions false)
      (usegerberattributes true)
      (usegerberadvancedattributes true)
      (creategerberjobfile true)
      (excludeedgelayer true)
      (linewidth 0.100000)
      (plotframeref false)
      (viasonmask false)
      (mode 1)
      (useauxorigin false)
      (hpglpennumber 1)
      (hpglpenspeed 20)
      (hpglpendiameter 15.000000)
      (psnegative false)
      (psa4output false)
      (plotreference true)
      (plotvalue true)
      (plotinvisibletext false)
      (padsonsilk false)
      (subtractmaskfromsilk false)
      (outputformat 1)
      (mirror false)
      (drillshape 1)
      (scaleselection 1)
      (outputdirectory ""))
  )

  (net 0 "")
  (net 1 GND)
  (net 2 +5V)
  (net 3 "Net-(D1-Pad2)")
  (net 4 "Net-(D2-Pad2)")
  (net 5 "Net-(D3-Pad2)")
  (net 6 "Net-(D4-Pad2)")
  (net 7 "Net-(D5-Pad2)")
  (net 8 "Net-(D6-Pad2)")
  (net 9 "Net-(D7-Pad2)")
  (net 10 "Net-(D8-Pad2)")
  (net 11 "Net-(D9-Pad2)")
  (net 12 "Net-(D10-Pad2)")
  (net 13 "Net-(D11-Pad2)")
  (net 14 "Net-(D12-Pad2)")
  (net 15 MISO)
  (net 16 SCK)
  (net 17 MOSI)
  (net 18 RESET)
  (net 19 "Net-(J4-PadA7)")
  (net 20 "Net-(J4-PadA6)")
  (net 21 COL0)
  (net 22 LED1)
  (net 23 COL1)
  (net 24 COL2)
  (net 25 COL3)

  (net_class Default "This is the default net class."
    (clearance 0.2)
    (trace_width 0.25)
    (via_dia 0.8)
    (via_drill 0.4)
    (uvia_dia 0.3)
    (uvia_drill 0.1)
    (add_net +5V)
    (add_net COL0)
    (add_net COL1)
    (add_net COL2)
    (add_net COL3)
    (add_net GND)
    (add_net LED1)
    (add_net MISO)
    (add_net MOSI)
    (add_net "Net-(D1-Pad2)")
    (add_net "Net-(D10-Pad2)")
    (add_net "Net-(D11-Pad2)")
    (add_net "Net-(D12-Pad2)")
    (add_net "Net-(D2-Pad2)")
    (add_net "Net-(D3-Pad2)")
    (add_net "Net-(D4-Pad2)")
    (add_net "Net-(D5-Pad2)")
    (add_net "Net-(D6-Pad2)")
    (add_net "Net-(D7-Pad2)")
    (add_net "Net-(D8-Pad2)")
    (add_net "Net-(D9-Pad2)")
    (add_net "Net-(J4-PadA6)")
    (add_net "Net-(J4-PadA7)")
    (add_net RESET)
    (add_net SCK)
  )

  (module Connector_PinHeader_2.54mm:PinHeader_2x03_P2.54mm_Vertical (layer F.Cu) (tedit 59FED5CC) (tstamp 60614E90)
    (at 213.995 50.165)
    (descr "Through hole straight pin header, 2x03, 2.54mm pitch, double rows")
    (tags "Through hole pin header THT 2x03 2.54mm double row")
    (path /6063E36E/604A56C6)
    (fp_text reference J3 (at 1.27 -2.33) (layer F.SilkS)
      (effects (font (size 1 1) (thickness 0.15)))
    )
    (fp_text value Conn_01x06_Male (at 1.27 7.41) (layer F.Fab)
      (effects (font (size 1 1) (thickness 0.15)))
    )
    (fp_line (start 0 -1.27) (end 3.81 -1.27) (layer F.Fab) (width 0.1))
    (fp_line (start 3.81 -1.27) (end 3.81 6.35) (layer F.Fab) (width 0.1))
    (fp_line (start 3.81 6.35) (end -1.27 6.35) (layer F.Fab) (width 0.1))
    (fp_line (start -1.27 6.35) (end -1.27 0) (layer F.Fab) (width 0.1))
    (fp_line (start -1.27 0) (end 0 -1.27) (layer F.Fab) (width 0.1))
    (fp_line (start -1.33 6.41) (end 3.87 6.41) (layer F.SilkS) (width 0.12))
    (fp_line (start -1.33 1.27) (end -1.33 6.41) (layer F.SilkS) (width 0.12))
    (fp_line (start 3.87 -1.33) (end 3.87 6.41) (layer F.SilkS) (width 0.12))
    (fp_line (start -1.33 1.27) (end 1.27 1.27) (layer F.SilkS) (width 0.12))
    (fp_line (start 1.27 1.27) (end 1.27 -1.33) (layer F.SilkS) (width 0.12))
    (fp_line (start 1.27 -1.33) (end 3.87 -1.33) (layer F.SilkS) (width 0.12))
    (fp_line (start -1.33 0) (end -1.33 -1.33) (layer F.SilkS) (width 0.12))
    (fp_line (start -1.33 -1.33) (end 0 -1.33) (layer F.SilkS) (width 0.12))
    (fp_line (start -1.8 -1.8) (end -1.8 6.85) (layer F.CrtYd) (width 0.05))
    (fp_line (start -1.8 6.85) (end 4.35 6.85) (layer F.CrtYd) (width 0.05))
    (fp_line (start 4.35 6.85) (end 4.35 -1.8) (layer F.CrtYd) (width 0.05))
    (fp_line (start 4.35 -1.8) (end -1.8 -1.8) (layer F.CrtYd) (width 0.05))
    (fp_text user %R (at 1.27 2.54 90) (layer F.Fab)
      (effects (font (size 1 1) (thickness 0.15)))
    )
    (pad 1 thru_hole rect (at 0 0) (size 1.7 1.7) (drill 1) (layers *.Cu *.Mask)
      (net 15 MISO))
    (pad 2 thru_hole oval (at 2.54 0) (size 1.7 1.7) (drill 1) (layers *.Cu *.Mask)
      (net 2 +5V))
    (pad 3 thru_hole oval (at 0 2.54) (size 1.7 1.7) (drill 1) (layers *.Cu *.Mask)
      (net 16 SCK))
    (pad 4 thru_hole oval (at 2.54 2.54) (size 1.7 1.7) (drill 1) (layers *.Cu *.Mask)
      (net 17 MOSI))
    (pad 5 thru_hole oval (at 0 5.08) (size 1.7 1.7) (drill 1) (layers *.Cu *.Mask)
      (net 18 RESET))
    (pad 6 thru_hole oval (at 2.54 5.08) (size 1.7 1.7) (drill 1) (layers *.Cu *.Mask)
      (net 1 GND))
  )

  (module kailh-keys:KailhLP (layer F.Cu) (tedit 6060D70E) (tstamp 60614F48)
    (at 178.435 69.215)
    (path /6067645A)
    (fp_text reference SW1 (at 0 0.5) (layer F.SilkS)
      (effects (font (size 1 1) (thickness 0.15)))
    )
    (fp_text value But1 (at 0 -0.5) (layer F.Fab)
      (effects (font (size 1 1) (thickness 0.15)))
    )
    (fp_line (start -0.5 -4.0576) (end -0.8 -3.7576) (layer F.Fab) (width 0.1))
    (fp_line (start -1.66 -4.3926) (end -1.66 -2.9226) (layer F.SilkS) (width 0.12))
    (fp_line (start -0.8 -3.2576) (end 0.8 -3.2576) (layer F.Fab) (width 0.1))
    (fp_line (start 1.65 -4.3876) (end 1.65 -2.9276) (layer F.CrtYd) (width 0.05))
    (fp_line (start 0.8 -4.3926) (end -1.66 -4.3926) (layer F.SilkS) (width 0.12))
    (fp_line (start -1.65 -4.3876) (end 1.65 -4.3876) (layer F.CrtYd) (width 0.05))
    (fp_line (start 0.8 -4.0576) (end -0.5 -4.0576) (layer F.Fab) (width 0.1))
    (fp_line (start -0.8 -3.7576) (end -0.8 -3.2576) (layer F.Fab) (width 0.1))
    (fp_line (start -1.66 -2.9226) (end 0.8 -2.9226) (layer F.SilkS) (width 0.12))
    (fp_line (start 0.8 -3.2576) (end 0.8 -4.0576) (layer F.Fab) (width 0.1))
    (fp_line (start 1.65 -2.9276) (end -1.65 -2.9276) (layer F.CrtYd) (width 0.05))
    (fp_line (start 2.76831 3.221903) (end 5.921518 3.221903) (layer Edge.Cuts) (width 0.2))
    (fp_circle (center -4.43741 5.320344) (end -3.83741 5.320344) (layer F.SilkS) (width 0.2))
    (fp_line (start -2.032 4.264) (end 2.36831 4.264) (layer Edge.Cuts) (width 0.2))
    (fp_line (start 2.56831 3.421903) (end 2.56831 4.064) (layer Edge.Cuts) (width 0.2))
    (fp_circle (center 2.157764 5.605115) (end 2.757764 5.605115) (layer F.SilkS) (width 0.2))
    (fp_line (start -5.817941 3.021903) (end -5.817941 -2.561768) (layer Edge.Cuts) (width 0.2))
    (fp_line (start 6.121518 3.021903) (end 6.121518 -2.561768) (layer Edge.Cuts) (width 0.2))
    (fp_line (start -5.617941 -2.761768) (end 5.921518 -2.761768) (layer Edge.Cuts) (width 0.2))
    (fp_line (start -2.232 3.421903) (end -2.232 4.064) (layer Edge.Cuts) (width 0.2))
    (fp_circle (center 5.456664 -4.5024) (end 6.056664 -4.5024) (layer F.SilkS) (width 0.2))
    (fp_circle (center -5.118582 -4.5024) (end -4.518582 -4.5024) (layer F.SilkS) (width 0.2))
    (fp_line (start -5.617941 3.221903) (end -2.432 3.221903) (layer Edge.Cuts) (width 0.2))
    (fp_arc (start -2.032 4.064) (end -2.232 4.064) (angle -90) (layer Edge.Cuts) (width 0.2))
    (fp_arc (start -2.432 3.421903) (end -2.232 3.421903) (angle -90) (layer Edge.Cuts) (width 0.2))
    (fp_arc (start 5.921518 -2.561768) (end 6.121518 -2.561768) (angle -90) (layer Edge.Cuts) (width 0.2))
    (fp_arc (start -5.617941 3.021903) (end -5.817941 3.021903) (angle -90) (layer Edge.Cuts) (width 0.2))
    (fp_arc (start 5.921518 3.021903) (end 5.921518 3.221903) (angle -90) (layer Edge.Cuts) (width 0.2))
    (fp_arc (start -5.617941 -2.561768) (end -5.617941 -2.761768) (angle -90) (layer Edge.Cuts) (width 0.2))
    (fp_arc (start 2.36831 4.064) (end 2.36831 4.264) (angle -90) (layer Edge.Cuts) (width 0.2))
    (fp_arc (start 2.76831 3.421903) (end 2.76831 3.221903) (angle -90) (layer Edge.Cuts) (width 0.2))
    (fp_text user %R (at 0 -3.6576) (layer F.Fab)
      (effects (font (size 0.4 0.4) (thickness 0.06)))
    )
    (pad 1 thru_hole circle (at -5.1181 -4.5085) (size 1.7 1.7) (drill 1.2) (layers *.Cu *.Mask)
      (net 3 "Net-(D1-Pad2)"))
    (pad 2 thru_hole circle (at 5.461 -4.4958) (size 1.7 1.7) (drill 1.2) (layers *.Cu *.Mask)
      (net 21 COL0))
    (pad 3 thru_hole circle (at -4.4323 5.3213) (size 1.7 1.7) (drill 1.2) (layers *.Cu *.Mask))
    (pad 3 thru_hole circle (at 2.159 5.6007) (size 1.7 1.7) (drill 1.2) (layers *.Cu *.Mask))
    (pad 5 smd roundrect (at 0.875 -3.6576) (size 1.05 0.95) (layers F.Cu F.Paste F.Mask) (roundrect_rratio 0.25)
      (net 22 LED1))
    (pad 6 smd roundrect (at -0.875 -3.6576) (size 1.05 0.95) (layers F.Cu F.Paste F.Mask) (roundrect_rratio 0.25)
      (net 1 GND))
  )

  (module kailh-keys:KailhLP (layer F.Cu) (tedit 6060D70E) (tstamp 60614F72)
    (at 194.31 69.215)
    (path /6069A2AB)
    (fp_text reference SW2 (at 0 0.5) (layer F.SilkS)
      (effects (font (size 1 1) (thickness 0.15)))
    )
    (fp_text value But5 (at 0 -0.5) (layer F.Fab)
      (effects (font (size 1 1) (thickness 0.15)))
    )
    (fp_line (start -5.617941 3.221903) (end -2.432 3.221903) (layer Edge.Cuts) (width 0.2))
    (fp_circle (center -5.118582 -4.5024) (end -4.518582 -4.5024) (layer F.SilkS) (width 0.2))
    (fp_circle (center 5.456664 -4.5024) (end 6.056664 -4.5024) (layer F.SilkS) (width 0.2))
    (fp_line (start -2.232 3.421903) (end -2.232 4.064) (layer Edge.Cuts) (width 0.2))
    (fp_line (start -5.617941 -2.761768) (end 5.921518 -2.761768) (layer Edge.Cuts) (width 0.2))
    (fp_line (start 6.121518 3.021903) (end 6.121518 -2.561768) (layer Edge.Cuts) (width 0.2))
    (fp_line (start -5.817941 3.021903) (end -5.817941 -2.561768) (layer Edge.Cuts) (width 0.2))
    (fp_circle (center 2.157764 5.605115) (end 2.757764 5.605115) (layer F.SilkS) (width 0.2))
    (fp_line (start 2.56831 3.421903) (end 2.56831 4.064) (layer Edge.Cuts) (width 0.2))
    (fp_line (start -2.032 4.264) (end 2.36831 4.264) (layer Edge.Cuts) (width 0.2))
    (fp_circle (center -4.43741 5.320344) (end -3.83741 5.320344) (layer F.SilkS) (width 0.2))
    (fp_line (start 2.76831 3.221903) (end 5.921518 3.221903) (layer Edge.Cuts) (width 0.2))
    (fp_line (start 1.65 -2.9276) (end -1.65 -2.9276) (layer F.CrtYd) (width 0.05))
    (fp_line (start 0.8 -3.2576) (end 0.8 -4.0576) (layer F.Fab) (width 0.1))
    (fp_line (start -1.66 -2.9226) (end 0.8 -2.9226) (layer F.SilkS) (width 0.12))
    (fp_line (start -0.8 -3.7576) (end -0.8 -3.2576) (layer F.Fab) (width 0.1))
    (fp_line (start 0.8 -4.0576) (end -0.5 -4.0576) (layer F.Fab) (width 0.1))
    (fp_line (start -1.65 -4.3876) (end 1.65 -4.3876) (layer F.CrtYd) (width 0.05))
    (fp_line (start 0.8 -4.3926) (end -1.66 -4.3926) (layer F.SilkS) (width 0.12))
    (fp_line (start 1.65 -4.3876) (end 1.65 -2.9276) (layer F.CrtYd) (width 0.05))
    (fp_line (start -0.8 -3.2576) (end 0.8 -3.2576) (layer F.Fab) (width 0.1))
    (fp_line (start -1.66 -4.3926) (end -1.66 -2.9226) (layer F.SilkS) (width 0.12))
    (fp_line (start -0.5 -4.0576) (end -0.8 -3.7576) (layer F.Fab) (width 0.1))
    (fp_text user %R (at 0 -3.6576) (layer F.Fab)
      (effects (font (size 0.4 0.4) (thickness 0.06)))
    )
    (fp_arc (start 2.76831 3.421903) (end 2.76831 3.221903) (angle -90) (layer Edge.Cuts) (width 0.2))
    (fp_arc (start 2.36831 4.064) (end 2.36831 4.264) (angle -90) (layer Edge.Cuts) (width 0.2))
    (fp_arc (start -5.617941 -2.561768) (end -5.617941 -2.761768) (angle -90) (layer Edge.Cuts) (width 0.2))
    (fp_arc (start 5.921518 3.021903) (end 5.921518 3.221903) (angle -90) (layer Edge.Cuts) (width 0.2))
    (fp_arc (start -5.617941 3.021903) (end -5.817941 3.021903) (angle -90) (layer Edge.Cuts) (width 0.2))
    (fp_arc (start 5.921518 -2.561768) (end 6.121518 -2.561768) (angle -90) (layer Edge.Cuts) (width 0.2))
    (fp_arc (start -2.432 3.421903) (end -2.232 3.421903) (angle -90) (layer Edge.Cuts) (width 0.2))
    (fp_arc (start -2.032 4.064) (end -2.232 4.064) (angle -90) (layer Edge.Cuts) (width 0.2))
    (pad 6 smd roundrect (at -0.875 -3.6576) (size 1.05 0.95) (layers F.Cu F.Paste F.Mask) (roundrect_rratio 0.25)
      (net 1 GND))
    (pad 5 smd roundrect (at 0.875 -3.6576) (size 1.05 0.95) (layers F.Cu F.Paste F.Mask) (roundrect_rratio 0.25)
      (net 22 LED1))
    (pad 3 thru_hole circle (at 2.159 5.6007) (size 1.7 1.7) (drill 1.2) (layers *.Cu *.Mask))
    (pad 3 thru_hole circle (at -4.4323 5.3213) (size 1.7 1.7) (drill 1.2) (layers *.Cu *.Mask))
    (pad 2 thru_hole circle (at 5.461 -4.4958) (size 1.7 1.7) (drill 1.2) (layers *.Cu *.Mask)
      (net 21 COL0))
    (pad 1 thru_hole circle (at -5.1181 -4.5085) (size 1.7 1.7) (drill 1.2) (layers *.Cu *.Mask)
      (net 4 "Net-(D2-Pad2)"))
  )

  (module MountingHole:MountingHole_2.5mm_Pad_Via (layer F.Cu) (tedit 56DDBAEA) (tstamp 60614E39)
    (at 233.045 41.275)
    (descr "Mounting Hole 2.5mm")
    (tags "mounting hole 2.5mm")
    (path /6063E36E/6043CF6A)
    (attr virtual)
    (fp_text reference H1 (at 0 -3.5) (layer F.SilkS) hide
      (effects (font (size 1 1) (thickness 0.15)))
    )
    (fp_text value MountingHole (at 0 3.5) (layer F.Fab)
      (effects (font (size 1 1) (thickness 0.15)))
    )
    (fp_circle (center 0 0) (end 2.75 0) (layer F.CrtYd) (width 0.05))
    (fp_circle (center 0 0) (end 2.5 0) (layer Cmts.User) (width 0.15))
    (fp_text user %R (at 0.3 0) (layer F.Fab)
      (effects (font (size 1 1) (thickness 0.15)))
    )
    (pad 1 thru_hole circle (at 1.325825 -1.325825) (size 0.8 0.8) (drill 0.5) (layers *.Cu *.Mask))
    (pad 1 thru_hole circle (at 0 -1.875) (size 0.8 0.8) (drill 0.5) (layers *.Cu *.Mask))
    (pad 1 thru_hole circle (at -1.325825 -1.325825) (size 0.8 0.8) (drill 0.5) (layers *.Cu *.Mask))
    (pad 1 thru_hole circle (at -1.875 0) (size 0.8 0.8) (drill 0.5) (layers *.Cu *.Mask))
    (pad 1 thru_hole circle (at -1.325825 1.325825) (size 0.8 0.8) (drill 0.5) (layers *.Cu *.Mask))
    (pad 1 thru_hole circle (at 0 1.875) (size 0.8 0.8) (drill 0.5) (layers *.Cu *.Mask))
    (pad 1 thru_hole circle (at 1.325825 1.325825) (size 0.8 0.8) (drill 0.5) (layers *.Cu *.Mask))
    (pad 1 thru_hole circle (at 1.875 0) (size 0.8 0.8) (drill 0.5) (layers *.Cu *.Mask))
    (pad 1 thru_hole circle (at 0 0) (size 5 5) (drill 2.5) (layers *.Cu *.Mask))
  )

  (module MountingHole:MountingHole_2.5mm_Pad_Via (layer F.Cu) (tedit 56DDBAEA) (tstamp 60614E49)
    (at 172.085 41.275)
    (descr "Mounting Hole 2.5mm")
    (tags "mounting hole 2.5mm")
    (path /6063E36E/60440596)
    (attr virtual)
    (fp_text reference H2 (at 0 -3.5) (layer F.SilkS) hide
      (effects (font (size 1 1) (thickness 0.15)))
    )
    (fp_text value MountingHole (at 0 3.5) (layer F.Fab)
      (effects (font (size 1 1) (thickness 0.15)))
    )
    (fp_circle (center 0 0) (end 2.75 0) (layer F.CrtYd) (width 0.05))
    (fp_circle (center 0 0) (end 2.5 0) (layer Cmts.User) (width 0.15))
    (fp_text user %R (at 0.3 0) (layer F.Fab)
      (effects (font (size 1 1) (thickness 0.15)))
    )
    (pad 1 thru_hole circle (at 1.325825 -1.325825) (size 0.8 0.8) (drill 0.5) (layers *.Cu *.Mask))
    (pad 1 thru_hole circle (at 0 -1.875) (size 0.8 0.8) (drill 0.5) (layers *.Cu *.Mask))
    (pad 1 thru_hole circle (at -1.325825 -1.325825) (size 0.8 0.8) (drill 0.5) (layers *.Cu *.Mask))
    (pad 1 thru_hole circle (at -1.875 0) (size 0.8 0.8) (drill 0.5) (layers *.Cu *.Mask))
    (pad 1 thru_hole circle (at -1.325825 1.325825) (size 0.8 0.8) (drill 0.5) (layers *.Cu *.Mask))
    (pad 1 thru_hole circle (at 0 1.875) (size 0.8 0.8) (drill 0.5) (layers *.Cu *.Mask))
    (pad 1 thru_hole circle (at 1.325825 1.325825) (size 0.8 0.8) (drill 0.5) (layers *.Cu *.Mask))
    (pad 1 thru_hole circle (at 1.875 0) (size 0.8 0.8) (drill 0.5) (layers *.Cu *.Mask))
    (pad 1 thru_hole circle (at 0 0) (size 5 5) (drill 2.5) (layers *.Cu *.Mask))
  )

  (module MountingHole:MountingHole_2.5mm_Pad_Via (layer F.Cu) (tedit 56DDBAEA) (tstamp 60614E59)
    (at 172.085 112.395)
    (descr "Mounting Hole 2.5mm")
    (tags "mounting hole 2.5mm")
    (path /6063E36E/6043F4A4)
    (attr virtual)
    (fp_text reference H3 (at 0 -3.5) (layer F.SilkS) hide
      (effects (font (size 1 1) (thickness 0.15)))
    )
    (fp_text value MountingHole (at 0 3.5) (layer F.Fab)
      (effects (font (size 1 1) (thickness 0.15)))
    )
    (fp_circle (center 0 0) (end 2.5 0) (layer Cmts.User) (width 0.15))
    (fp_circle (center 0 0) (end 2.75 0) (layer F.CrtYd) (width 0.05))
    (fp_text user %R (at 0.3 0) (layer F.Fab)
      (effects (font (size 1 1) (thickness 0.15)))
    )
    (pad 1 thru_hole circle (at 0 0) (size 5 5) (drill 2.5) (layers *.Cu *.Mask))
    (pad 1 thru_hole circle (at 1.875 0) (size 0.8 0.8) (drill 0.5) (layers *.Cu *.Mask))
    (pad 1 thru_hole circle (at 1.325825 1.325825) (size 0.8 0.8) (drill 0.5) (layers *.Cu *.Mask))
    (pad 1 thru_hole circle (at 0 1.875) (size 0.8 0.8) (drill 0.5) (layers *.Cu *.Mask))
    (pad 1 thru_hole circle (at -1.325825 1.325825) (size 0.8 0.8) (drill 0.5) (layers *.Cu *.Mask))
    (pad 1 thru_hole circle (at -1.875 0) (size 0.8 0.8) (drill 0.5) (layers *.Cu *.Mask))
    (pad 1 thru_hole circle (at -1.325825 -1.325825) (size 0.8 0.8) (drill 0.5) (layers *.Cu *.Mask))
    (pad 1 thru_hole circle (at 0 -1.875) (size 0.8 0.8) (drill 0.5) (layers *.Cu *.Mask))
    (pad 1 thru_hole circle (at 1.325825 -1.325825) (size 0.8 0.8) (drill 0.5) (layers *.Cu *.Mask))
  )

  (module MountingHole:MountingHole_2.5mm_Pad_Via (layer F.Cu) (tedit 56DDBAEA) (tstamp 60614E69)
    (at 233.045 112.395)
    (descr "Mounting Hole 2.5mm")
    (tags "mounting hole 2.5mm")
    (path /6063E36E/60440D18)
    (attr virtual)
    (fp_text reference H4 (at 0 -3.5) (layer F.SilkS) hide
      (effects (font (size 1 1) (thickness 0.15)))
    )
    (fp_text value MountingHole (at 0 3.5) (layer F.Fab)
      (effects (font (size 1 1) (thickness 0.15)))
    )
    (fp_circle (center 0 0) (end 2.5 0) (layer Cmts.User) (width 0.15))
    (fp_circle (center 0 0) (end 2.75 0) (layer F.CrtYd) (width 0.05))
    (fp_text user %R (at 0.3 0) (layer F.Fab)
      (effects (font (size 1 1) (thickness 0.15)))
    )
    (pad 1 thru_hole circle (at 0 0) (size 5 5) (drill 2.5) (layers *.Cu *.Mask))
    (pad 1 thru_hole circle (at 1.875 0) (size 0.8 0.8) (drill 0.5) (layers *.Cu *.Mask))
    (pad 1 thru_hole circle (at 1.325825 1.325825) (size 0.8 0.8) (drill 0.5) (layers *.Cu *.Mask))
    (pad 1 thru_hole circle (at 0 1.875) (size 0.8 0.8) (drill 0.5) (layers *.Cu *.Mask))
    (pad 1 thru_hole circle (at -1.325825 1.325825) (size 0.8 0.8) (drill 0.5) (layers *.Cu *.Mask))
    (pad 1 thru_hole circle (at -1.875 0) (size 0.8 0.8) (drill 0.5) (layers *.Cu *.Mask))
    (pad 1 thru_hole circle (at -1.325825 -1.325825) (size 0.8 0.8) (drill 0.5) (layers *.Cu *.Mask))
    (pad 1 thru_hole circle (at 0 -1.875) (size 0.8 0.8) (drill 0.5) (layers *.Cu *.Mask))
    (pad 1 thru_hole circle (at 1.325825 -1.325825) (size 0.8 0.8) (drill 0.5) (layers *.Cu *.Mask))
  )

  (module 27sharp:GT-USB-7010 (layer F.Cu) (tedit 600466F5) (tstamp 60614EB8)
    (at 234.315 52.705 90)
    (descr "USB TYPE C, RA RCPT PCB, SMT, https://github.com/arturo182/GT-USB-7010/raw/master/GT-USB-7010.pdf")
    (tags "USB C Type-C Receptacle SMD")
    (path /6063E36E/604AE756)
    (fp_text reference J4 (at -0.254 -0.889 90) (layer F.SilkS)
      (effects (font (size 1 1) (thickness 0.15)))
    )
    (fp_text value USB_C_Receptacle (at -14.224 -3.937) (layer F.Fab) hide
      (effects (font (size 1 1) (thickness 0.15)))
    )
    (fp_line (start -4.47 -3.425) (end 4.47 -3.425) (layer F.Fab) (width 0.12))
    (fp_line (start 4.47 -3.425) (end 4.47 4.525) (layer F.Fab) (width 0.12))
    (fp_line (start 4.47 4.525) (end -4.47 4.525) (layer F.Fab) (width 0.12))
    (fp_line (start -4.47 -3.425) (end -4.47 4.525) (layer F.Fab) (width 0.12))
    (fp_line (start 4.6 4.65) (end -4.6 4.65) (layer F.SilkS) (width 0.15))
    (fp_line (start -4.6 4.65) (end -4.6 2.7) (layer F.SilkS) (width 0.15))
    (fp_line (start -4.6 1.05) (end -4.6 -1.25) (layer F.SilkS) (width 0.15))
    (fp_line (start 4.6 4.65) (end 4.6 2.7) (layer F.SilkS) (width 0.15))
    (fp_line (start 4.6 1.05) (end 4.6 -1.25) (layer F.SilkS) (width 0.15))
    (fp_line (start -5 -4.6) (end 5 -4.6) (layer F.CrtYd) (width 0.12))
    (fp_line (start 5 -4.6) (end 5 5.15) (layer F.CrtYd) (width 0.12))
    (fp_line (start -5 -4.6) (end -5 5.15) (layer F.CrtYd) (width 0.12))
    (fp_line (start -5 5.15) (end 5 5.15) (layer F.CrtYd) (width 0.12))
    (fp_text user REF* (at 0 0 90) (layer F.Fab)
      (effects (font (size 1 1) (thickness 0.1)))
    )
    (pad S1 thru_hole oval (at -4.32 1.87 90) (size 1 1.6) (drill oval 0.6 1.2) (layers *.Cu *.Mask)
      (net 1 GND))
    (pad S1 thru_hole oval (at 4.32 1.87 90) (size 1 1.6) (drill oval 0.6 1.2) (layers *.Cu *.Mask)
      (net 1 GND))
    (pad S1 thru_hole oval (at -4.32 -2.31 90) (size 0.9 2.1) (drill oval 0.5 1.7) (layers *.Cu *.Mask)
      (net 1 GND))
    (pad S1 thru_hole oval (at 4.32 -2.31 90) (size 0.9 2.1) (drill oval 0.5 1.7) (layers *.Cu *.Mask)
      (net 1 GND))
    (pad "" np_thru_hole circle (at -2.89 -1.81 90) (size 0.65 0.65) (drill 0.65) (layers *.Cu *.Mask))
    (pad "" np_thru_hole circle (at 2.89 -1.81 90) (size 0.65 0.65) (drill 0.65) (layers *.Cu *.Mask))
    (pad A7 smd rect (at 0.25 -3.15 90) (size 0.3 1.75) (layers F.Cu F.Paste F.Mask)
      (net 19 "Net-(J4-PadA7)"))
    (pad B6 smd rect (at 0.75 -3.15 90) (size 0.3 1.75) (layers F.Cu F.Paste F.Mask)
      (net 20 "Net-(J4-PadA6)"))
    (pad A8 smd rect (at 1.25 -3.15 90) (size 0.3 1.75) (layers F.Cu F.Paste F.Mask))
    (pad B5 smd rect (at 1.75 -3.15 90) (size 0.3 1.75) (layers F.Cu F.Paste F.Mask))
    (pad B7 smd rect (at -0.75 -3.15 90) (size 0.3 1.75) (layers F.Cu F.Paste F.Mask)
      (net 19 "Net-(J4-PadA7)"))
    (pad B8 smd rect (at -1.75 -3.15 90) (size 0.3 1.75) (layers F.Cu F.Paste F.Mask))
    (pad A5 smd rect (at -1.25 -3.15 90) (size 0.3 1.75) (layers F.Cu F.Paste F.Mask))
    (pad A6 smd rect (at -0.25 -3.15 90) (size 0.3 1.75) (layers F.Cu F.Paste F.Mask)
      (net 20 "Net-(J4-PadA6)"))
    (pad A1 smd rect (at -3.35 -3.15 90) (size 0.3 1.75) (layers F.Cu F.Paste F.Mask)
      (net 1 GND))
    (pad B12 smd rect (at -3.05 -3.15 90) (size 0.3 1.75) (layers F.Cu F.Paste F.Mask)
      (net 1 GND))
    (pad A4 smd rect (at -2.55 -3.15 90) (size 0.3 1.75) (layers F.Cu F.Paste F.Mask)
      (net 2 +5V))
    (pad B9 smd rect (at -2.25 -3.15 90) (size 0.3 1.75) (layers F.Cu F.Paste F.Mask)
      (net 2 +5V))
    (pad A9 smd rect (at 2.55 -3.15 90) (size 0.3 1.75) (layers F.Cu F.Paste F.Mask)
      (net 2 +5V))
    (pad B4 smd rect (at 2.25 -3.15 90) (size 0.3 1.75) (layers F.Cu F.Paste F.Mask)
      (net 2 +5V))
    (pad B1 smd rect (at 3.05 -3.15 90) (size 0.3 1.75) (layers F.Cu F.Paste F.Mask)
      (net 1 GND))
    (pad A12 smd rect (at 3.35 -3.15 90) (size 0.3 1.75) (layers F.Cu F.Paste F.Mask)
      (net 1 GND))
  )

  (module kailh-keys:KailhLP (layer F.Cu) (tedit 6060D70E) (tstamp 60614F9C)
    (at 210.185 69.215)
    (path /6069F8DC)
    (fp_text reference SW3 (at 0 0.5) (layer F.SilkS)
      (effects (font (size 1 1) (thickness 0.15)))
    )
    (fp_text value But9 (at 0 -0.5) (layer F.Fab)
      (effects (font (size 1 1) (thickness 0.15)))
    )
    (fp_line (start -0.5 -4.0576) (end -0.8 -3.7576) (layer F.Fab) (width 0.1))
    (fp_line (start -1.66 -4.3926) (end -1.66 -2.9226) (layer F.SilkS) (width 0.12))
    (fp_line (start -0.8 -3.2576) (end 0.8 -3.2576) (layer F.Fab) (width 0.1))
    (fp_line (start 1.65 -4.3876) (end 1.65 -2.9276) (layer F.CrtYd) (width 0.05))
    (fp_line (start 0.8 -4.3926) (end -1.66 -4.3926) (layer F.SilkS) (width 0.12))
    (fp_line (start -1.65 -4.3876) (end 1.65 -4.3876) (layer F.CrtYd) (width 0.05))
    (fp_line (start 0.8 -4.0576) (end -0.5 -4.0576) (layer F.Fab) (width 0.1))
    (fp_line (start -0.8 -3.7576) (end -0.8 -3.2576) (layer F.Fab) (width 0.1))
    (fp_line (start -1.66 -2.9226) (end 0.8 -2.9226) (layer F.SilkS) (width 0.12))
    (fp_line (start 0.8 -3.2576) (end 0.8 -4.0576) (layer F.Fab) (width 0.1))
    (fp_line (start 1.65 -2.9276) (end -1.65 -2.9276) (layer F.CrtYd) (width 0.05))
    (fp_line (start 2.76831 3.221903) (end 5.921518 3.221903) (layer Edge.Cuts) (width 0.2))
    (fp_circle (center -4.43741 5.320344) (end -3.83741 5.320344) (layer F.SilkS) (width 0.2))
    (fp_line (start -2.032 4.264) (end 2.36831 4.264) (layer Edge.Cuts) (width 0.2))
    (fp_line (start 2.56831 3.421903) (end 2.56831 4.064) (layer Edge.Cuts) (width 0.2))
    (fp_circle (center 2.157764 5.605115) (end 2.757764 5.605115) (layer F.SilkS) (width 0.2))
    (fp_line (start -5.817941 3.021903) (end -5.817941 -2.561768) (layer Edge.Cuts) (width 0.2))
    (fp_line (start 6.121518 3.021903) (end 6.121518 -2.561768) (layer Edge.Cuts) (width 0.2))
    (fp_line (start -5.617941 -2.761768) (end 5.921518 -2.761768) (layer Edge.Cuts) (width 0.2))
    (fp_line (start -2.232 3.421903) (end -2.232 4.064) (layer Edge.Cuts) (width 0.2))
    (fp_circle (center 5.456664 -4.5024) (end 6.056664 -4.5024) (layer F.SilkS) (width 0.2))
    (fp_circle (center -5.118582 -4.5024) (end -4.518582 -4.5024) (layer F.SilkS) (width 0.2))
    (fp_line (start -5.617941 3.221903) (end -2.432 3.221903) (layer Edge.Cuts) (width 0.2))
    (fp_arc (start -2.032 4.064) (end -2.232 4.064) (angle -90) (layer Edge.Cuts) (width 0.2))
    (fp_arc (start -2.432 3.421903) (end -2.232 3.421903) (angle -90) (layer Edge.Cuts) (width 0.2))
    (fp_arc (start 5.921518 -2.561768) (end 6.121518 -2.561768) (angle -90) (layer Edge.Cuts) (width 0.2))
    (fp_arc (start -5.617941 3.021903) (end -5.817941 3.021903) (angle -90) (layer Edge.Cuts) (width 0.2))
    (fp_arc (start 5.921518 3.021903) (end 5.921518 3.221903) (angle -90) (layer Edge.Cuts) (width 0.2))
    (fp_arc (start -5.617941 -2.561768) (end -5.617941 -2.761768) (angle -90) (layer Edge.Cuts) (width 0.2))
    (fp_arc (start 2.36831 4.064) (end 2.36831 4.264) (angle -90) (layer Edge.Cuts) (width 0.2))
    (fp_arc (start 2.76831 3.421903) (end 2.76831 3.221903) (angle -90) (layer Edge.Cuts) (width 0.2))
    (fp_text user %R (at 0 -3.6576) (layer F.Fab)
      (effects (font (size 0.4 0.4) (thickness 0.06)))
    )
    (pad 1 thru_hole circle (at -5.1181 -4.5085) (size 1.7 1.7) (drill 1.2) (layers *.Cu *.Mask)
      (net 5 "Net-(D3-Pad2)"))
    (pad 2 thru_hole circle (at 5.461 -4.4958) (size 1.7 1.7) (drill 1.2) (layers *.Cu *.Mask)
      (net 21 COL0))
    (pad 3 thru_hole circle (at -4.4323 5.3213) (size 1.7 1.7) (drill 1.2) (layers *.Cu *.Mask))
    (pad 3 thru_hole circle (at 2.159 5.6007) (size 1.7 1.7) (drill 1.2) (layers *.Cu *.Mask))
    (pad 5 smd roundrect (at 0.875 -3.6576) (size 1.05 0.95) (layers F.Cu F.Paste F.Mask) (roundrect_rratio 0.25)
      (net 22 LED1))
    (pad 6 smd roundrect (at -0.875 -3.6576) (size 1.05 0.95) (layers F.Cu F.Paste F.Mask) (roundrect_rratio 0.25)
      (net 1 GND))
  )

  (module kailh-keys:KailhLP (layer F.Cu) (tedit 6060D70E) (tstamp 60614FC6)
    (at 226.06 69.215)
    (path /60696988)
    (fp_text reference SW4 (at 0 0.5) (layer F.SilkS)
      (effects (font (size 1 1) (thickness 0.15)))
    )
    (fp_text value But2 (at 0 -0.5) (layer F.Fab)
      (effects (font (size 1 1) (thickness 0.15)))
    )
    (fp_line (start -5.617941 3.221903) (end -2.432 3.221903) (layer Edge.Cuts) (width 0.2))
    (fp_circle (center -5.118582 -4.5024) (end -4.518582 -4.5024) (layer F.SilkS) (width 0.2))
    (fp_circle (center 5.456664 -4.5024) (end 6.056664 -4.5024) (layer F.SilkS) (width 0.2))
    (fp_line (start -2.232 3.421903) (end -2.232 4.064) (layer Edge.Cuts) (width 0.2))
    (fp_line (start -5.617941 -2.761768) (end 5.921518 -2.761768) (layer Edge.Cuts) (width 0.2))
    (fp_line (start 6.121518 3.021903) (end 6.121518 -2.561768) (layer Edge.Cuts) (width 0.2))
    (fp_line (start -5.817941 3.021903) (end -5.817941 -2.561768) (layer Edge.Cuts) (width 0.2))
    (fp_circle (center 2.157764 5.605115) (end 2.757764 5.605115) (layer F.SilkS) (width 0.2))
    (fp_line (start 2.56831 3.421903) (end 2.56831 4.064) (layer Edge.Cuts) (width 0.2))
    (fp_line (start -2.032 4.264) (end 2.36831 4.264) (layer Edge.Cuts) (width 0.2))
    (fp_circle (center -4.43741 5.320344) (end -3.83741 5.320344) (layer F.SilkS) (width 0.2))
    (fp_line (start 2.76831 3.221903) (end 5.921518 3.221903) (layer Edge.Cuts) (width 0.2))
    (fp_line (start 1.65 -2.9276) (end -1.65 -2.9276) (layer F.CrtYd) (width 0.05))
    (fp_line (start 0.8 -3.2576) (end 0.8 -4.0576) (layer F.Fab) (width 0.1))
    (fp_line (start -1.66 -2.9226) (end 0.8 -2.9226) (layer F.SilkS) (width 0.12))
    (fp_line (start -0.8 -3.7576) (end -0.8 -3.2576) (layer F.Fab) (width 0.1))
    (fp_line (start 0.8 -4.0576) (end -0.5 -4.0576) (layer F.Fab) (width 0.1))
    (fp_line (start -1.65 -4.3876) (end 1.65 -4.3876) (layer F.CrtYd) (width 0.05))
    (fp_line (start 0.8 -4.3926) (end -1.66 -4.3926) (layer F.SilkS) (width 0.12))
    (fp_line (start 1.65 -4.3876) (end 1.65 -2.9276) (layer F.CrtYd) (width 0.05))
    (fp_line (start -0.8 -3.2576) (end 0.8 -3.2576) (layer F.Fab) (width 0.1))
    (fp_line (start -1.66 -4.3926) (end -1.66 -2.9226) (layer F.SilkS) (width 0.12))
    (fp_line (start -0.5 -4.0576) (end -0.8 -3.7576) (layer F.Fab) (width 0.1))
    (fp_text user %R (at 0 -3.6576) (layer F.Fab)
      (effects (font (size 0.4 0.4) (thickness 0.06)))
    )
    (fp_arc (start 2.76831 3.421903) (end 2.76831 3.221903) (angle -90) (layer Edge.Cuts) (width 0.2))
    (fp_arc (start 2.36831 4.064) (end 2.36831 4.264) (angle -90) (layer Edge.Cuts) (width 0.2))
    (fp_arc (start -5.617941 -2.561768) (end -5.617941 -2.761768) (angle -90) (layer Edge.Cuts) (width 0.2))
    (fp_arc (start 5.921518 3.021903) (end 5.921518 3.221903) (angle -90) (layer Edge.Cuts) (width 0.2))
    (fp_arc (start -5.617941 3.021903) (end -5.817941 3.021903) (angle -90) (layer Edge.Cuts) (width 0.2))
    (fp_arc (start 5.921518 -2.561768) (end 6.121518 -2.561768) (angle -90) (layer Edge.Cuts) (width 0.2))
    (fp_arc (start -2.432 3.421903) (end -2.232 3.421903) (angle -90) (layer Edge.Cuts) (width 0.2))
    (fp_arc (start -2.032 4.064) (end -2.232 4.064) (angle -90) (layer Edge.Cuts) (width 0.2))
    (pad 6 smd roundrect (at -0.875 -3.6576) (size 1.05 0.95) (layers F.Cu F.Paste F.Mask) (roundrect_rratio 0.25)
      (net 1 GND))
    (pad 5 smd roundrect (at 0.875 -3.6576) (size 1.05 0.95) (layers F.Cu F.Paste F.Mask) (roundrect_rratio 0.25)
      (net 22 LED1))
    (pad 3 thru_hole circle (at 2.159 5.6007) (size 1.7 1.7) (drill 1.2) (layers *.Cu *.Mask))
    (pad 3 thru_hole circle (at -4.4323 5.3213) (size 1.7 1.7) (drill 1.2) (layers *.Cu *.Mask))
    (pad 2 thru_hole circle (at 5.461 -4.4958) (size 1.7 1.7) (drill 1.2) (layers *.Cu *.Mask)
      (net 23 COL1))
    (pad 1 thru_hole circle (at -5.1181 -4.5085) (size 1.7 1.7) (drill 1.2) (layers *.Cu *.Mask)
      (net 6 "Net-(D4-Pad2)"))
  )

  (module kailh-keys:KailhLP (layer F.Cu) (tedit 6060D70E) (tstamp 60614FF0)
    (at 178.435 85.09)
    (path /6069A41F)
    (fp_text reference SW5 (at 0 0.5) (layer F.SilkS)
      (effects (font (size 1 1) (thickness 0.15)))
    )
    (fp_text value But6 (at 0 -0.5) (layer F.Fab)
      (effects (font (size 1 1) (thickness 0.15)))
    )
    (fp_line (start -5.617941 3.221903) (end -2.432 3.221903) (layer Edge.Cuts) (width 0.2))
    (fp_circle (center -5.118582 -4.5024) (end -4.518582 -4.5024) (layer F.SilkS) (width 0.2))
    (fp_circle (center 5.456664 -4.5024) (end 6.056664 -4.5024) (layer F.SilkS) (width 0.2))
    (fp_line (start -2.232 3.421903) (end -2.232 4.064) (layer Edge.Cuts) (width 0.2))
    (fp_line (start -5.617941 -2.761768) (end 5.921518 -2.761768) (layer Edge.Cuts) (width 0.2))
    (fp_line (start 6.121518 3.021903) (end 6.121518 -2.561768) (layer Edge.Cuts) (width 0.2))
    (fp_line (start -5.817941 3.021903) (end -5.817941 -2.561768) (layer Edge.Cuts) (width 0.2))
    (fp_circle (center 2.157764 5.605115) (end 2.757764 5.605115) (layer F.SilkS) (width 0.2))
    (fp_line (start 2.56831 3.421903) (end 2.56831 4.064) (layer Edge.Cuts) (width 0.2))
    (fp_line (start -2.032 4.264) (end 2.36831 4.264) (layer Edge.Cuts) (width 0.2))
    (fp_circle (center -4.43741 5.320344) (end -3.83741 5.320344) (layer F.SilkS) (width 0.2))
    (fp_line (start 2.76831 3.221903) (end 5.921518 3.221903) (layer Edge.Cuts) (width 0.2))
    (fp_line (start 1.65 -2.9276) (end -1.65 -2.9276) (layer F.CrtYd) (width 0.05))
    (fp_line (start 0.8 -3.2576) (end 0.8 -4.0576) (layer F.Fab) (width 0.1))
    (fp_line (start -1.66 -2.9226) (end 0.8 -2.9226) (layer F.SilkS) (width 0.12))
    (fp_line (start -0.8 -3.7576) (end -0.8 -3.2576) (layer F.Fab) (width 0.1))
    (fp_line (start 0.8 -4.0576) (end -0.5 -4.0576) (layer F.Fab) (width 0.1))
    (fp_line (start -1.65 -4.3876) (end 1.65 -4.3876) (layer F.CrtYd) (width 0.05))
    (fp_line (start 0.8 -4.3926) (end -1.66 -4.3926) (layer F.SilkS) (width 0.12))
    (fp_line (start 1.65 -4.3876) (end 1.65 -2.9276) (layer F.CrtYd) (width 0.05))
    (fp_line (start -0.8 -3.2576) (end 0.8 -3.2576) (layer F.Fab) (width 0.1))
    (fp_line (start -1.66 -4.3926) (end -1.66 -2.9226) (layer F.SilkS) (width 0.12))
    (fp_line (start -0.5 -4.0576) (end -0.8 -3.7576) (layer F.Fab) (width 0.1))
    (fp_text user %R (at 0 -3.6576) (layer F.Fab)
      (effects (font (size 0.4 0.4) (thickness 0.06)))
    )
    (fp_arc (start 2.76831 3.421903) (end 2.76831 3.221903) (angle -90) (layer Edge.Cuts) (width 0.2))
    (fp_arc (start 2.36831 4.064) (end 2.36831 4.264) (angle -90) (layer Edge.Cuts) (width 0.2))
    (fp_arc (start -5.617941 -2.561768) (end -5.617941 -2.761768) (angle -90) (layer Edge.Cuts) (width 0.2))
    (fp_arc (start 5.921518 3.021903) (end 5.921518 3.221903) (angle -90) (layer Edge.Cuts) (width 0.2))
    (fp_arc (start -5.617941 3.021903) (end -5.817941 3.021903) (angle -90) (layer Edge.Cuts) (width 0.2))
    (fp_arc (start 5.921518 -2.561768) (end 6.121518 -2.561768) (angle -90) (layer Edge.Cuts) (width 0.2))
    (fp_arc (start -2.432 3.421903) (end -2.232 3.421903) (angle -90) (layer Edge.Cuts) (width 0.2))
    (fp_arc (start -2.032 4.064) (end -2.232 4.064) (angle -90) (layer Edge.Cuts) (width 0.2))
    (pad 6 smd roundrect (at -0.875 -3.6576) (size 1.05 0.95) (layers F.Cu F.Paste F.Mask) (roundrect_rratio 0.25)
      (net 1 GND))
    (pad 5 smd roundrect (at 0.875 -3.6576) (size 1.05 0.95) (layers F.Cu F.Paste F.Mask) (roundrect_rratio 0.25)
      (net 22 LED1))
    (pad 3 thru_hole circle (at 2.159 5.6007) (size 1.7 1.7) (drill 1.2) (layers *.Cu *.Mask))
    (pad 3 thru_hole circle (at -4.4323 5.3213) (size 1.7 1.7) (drill 1.2) (layers *.Cu *.Mask))
    (pad 2 thru_hole circle (at 5.461 -4.4958) (size 1.7 1.7) (drill 1.2) (layers *.Cu *.Mask)
      (net 23 COL1))
    (pad 1 thru_hole circle (at -5.1181 -4.5085) (size 1.7 1.7) (drill 1.2) (layers *.Cu *.Mask)
      (net 7 "Net-(D5-Pad2)"))
  )

  (module kailh-keys:KailhLP (layer F.Cu) (tedit 6060D70E) (tstamp 6061501A)
    (at 194.31 85.09)
    (path /6069FB7D)
    (fp_text reference SW6 (at 0 0.5) (layer F.SilkS)
      (effects (font (size 1 1) (thickness 0.15)))
    )
    (fp_text value But10 (at 0 -0.5) (layer F.Fab)
      (effects (font (size 1 1) (thickness 0.15)))
    )
    (fp_line (start -0.5 -4.0576) (end -0.8 -3.7576) (layer F.Fab) (width 0.1))
    (fp_line (start -1.66 -4.3926) (end -1.66 -2.9226) (layer F.SilkS) (width 0.12))
    (fp_line (start -0.8 -3.2576) (end 0.8 -3.2576) (layer F.Fab) (width 0.1))
    (fp_line (start 1.65 -4.3876) (end 1.65 -2.9276) (layer F.CrtYd) (width 0.05))
    (fp_line (start 0.8 -4.3926) (end -1.66 -4.3926) (layer F.SilkS) (width 0.12))
    (fp_line (start -1.65 -4.3876) (end 1.65 -4.3876) (layer F.CrtYd) (width 0.05))
    (fp_line (start 0.8 -4.0576) (end -0.5 -4.0576) (layer F.Fab) (width 0.1))
    (fp_line (start -0.8 -3.7576) (end -0.8 -3.2576) (layer F.Fab) (width 0.1))
    (fp_line (start -1.66 -2.9226) (end 0.8 -2.9226) (layer F.SilkS) (width 0.12))
    (fp_line (start 0.8 -3.2576) (end 0.8 -4.0576) (layer F.Fab) (width 0.1))
    (fp_line (start 1.65 -2.9276) (end -1.65 -2.9276) (layer F.CrtYd) (width 0.05))
    (fp_line (start 2.76831 3.221903) (end 5.921518 3.221903) (layer Edge.Cuts) (width 0.2))
    (fp_circle (center -4.43741 5.320344) (end -3.83741 5.320344) (layer F.SilkS) (width 0.2))
    (fp_line (start -2.032 4.264) (end 2.36831 4.264) (layer Edge.Cuts) (width 0.2))
    (fp_line (start 2.56831 3.421903) (end 2.56831 4.064) (layer Edge.Cuts) (width 0.2))
    (fp_circle (center 2.157764 5.605115) (end 2.757764 5.605115) (layer F.SilkS) (width 0.2))
    (fp_line (start -5.817941 3.021903) (end -5.817941 -2.561768) (layer Edge.Cuts) (width 0.2))
    (fp_line (start 6.121518 3.021903) (end 6.121518 -2.561768) (layer Edge.Cuts) (width 0.2))
    (fp_line (start -5.617941 -2.761768) (end 5.921518 -2.761768) (layer Edge.Cuts) (width 0.2))
    (fp_line (start -2.232 3.421903) (end -2.232 4.064) (layer Edge.Cuts) (width 0.2))
    (fp_circle (center 5.456664 -4.5024) (end 6.056664 -4.5024) (layer F.SilkS) (width 0.2))
    (fp_circle (center -5.118582 -4.5024) (end -4.518582 -4.5024) (layer F.SilkS) (width 0.2))
    (fp_line (start -5.617941 3.221903) (end -2.432 3.221903) (layer Edge.Cuts) (width 0.2))
    (fp_arc (start -2.032 4.064) (end -2.232 4.064) (angle -90) (layer Edge.Cuts) (width 0.2))
    (fp_arc (start -2.432 3.421903) (end -2.232 3.421903) (angle -90) (layer Edge.Cuts) (width 0.2))
    (fp_arc (start 5.921518 -2.561768) (end 6.121518 -2.561768) (angle -90) (layer Edge.Cuts) (width 0.2))
    (fp_arc (start -5.617941 3.021903) (end -5.817941 3.021903) (angle -90) (layer Edge.Cuts) (width 0.2))
    (fp_arc (start 5.921518 3.021903) (end 5.921518 3.221903) (angle -90) (layer Edge.Cuts) (width 0.2))
    (fp_arc (start -5.617941 -2.561768) (end -5.617941 -2.761768) (angle -90) (layer Edge.Cuts) (width 0.2))
